 1 cM1           1.0302    0.0000         0    0.0000    0.0000 P33(1232)
 2 cE1           0.6440    0.0000         0    0.0000    0.0000 P33(1232)
 3 cS1           0.7281    0.0237         0    0.0000    0.0000 P33(1232)
 4 cMP1          2.0443    0.1433         0    0.0000    0.0000 P11(1440)
 5 cSP1          0.8713    0.0142         0    0.0000    0.0000 P11(1440)
 6 cEP2          0.9065    0.0059         0    0.0000    0.0000 S11(1535)
 7 cSP2          1.1757    0.0604         0    0.0000    0.0000 S11(1535)
 8 cMP3          0.9692    0.0102         0    0.0000    0.0000 D13(1520)
 9 cEP3          0.9256    0.0034         0    0.0000    0.0000 D13(1520)
10 cSP3          1.1879    0.0215         0    0.0000    0.0000 D13(1520)
11 cEP4          2.3376    0.0001         0    0.0000    0.0000 S11(1650)
12 cSP4         -2.7433    0.0003         0    0.0000    0.0000 S11(1650)
13 cEP5         -0.4565    1.4142         0    0.0000    0.0000 S31(1620)
14 cSP5          0.6500    0.0000         0    0.0000    0.0000 S31(1620)
15 cMP6         -0.2451    0.0000         0    0.0000    0.0000 F15(1680)
16 cEP6          0.7250    0.0001         0    0.0000    0.0000 F15(1680)
17 cSP6          2.1045    1.4142         0    0.0000    0.0000 F15(1680)
18 cMP7          0.7828    0.0000         0    0.0000    0.0000 D33(1700)
19 cEP7          0.5623    0.0000         0    0.0000    0.0000 D33(1700)
20 cSP7         -2.1017    0.0002         0    0.0000    0.0000 D33(1700)
21 cMP8          1.0014    0.0001         0    0.0000    0.0000 P13(1720)
22 cEP8         -1.7410    0.0001         0    0.0000    0.0000 P13(1720)
23 cSP8         -7.1156    1.4142         0    0.0000    0.0000 P13(1720)
24 cMP9          0.0       1.0            2    0.8000    1.2000 D15(1675)
25 cEP9          0.0       1.0            2    0.8000    1.2000 D15(1675)
26 cMP10         0.0       1.0            2    0.0000    0.0000 F35(1905)
27 cEP10         0.0       1.0            2    0.0000    0.0000 F35(1905)
28 cMP11         0.0       1.0            2    0.0000    0.0000 F37(1950)
29 cEP11         0.0       1.0            2    0.0000    0.0000 F37(1950)
30 cM2           0.3456    0.0548         2 -100.0000  100.0000 NONE
31 cE2          13.3431    2.4581         2 -100.0000  100.0000 NONE
32 cS2          -2.2935    0.9042         2 -100.0000  100.0000 NONE
33 cM3          -0.9650    0.0370         2 -100.0000  100.0000 NONE
34 cE3          -1.2254    0.2438         2 -100.0000  100.0000 NONE
35 cS3          -1.2061    0.2752         2 -100.0000  100.0000 NONE
36 cSPA         -0.0469    0.0052         2    0.0000    0.0000 NONE
