0.71
0.915883290278557
0.9307414832915765
0.7871612752968629
0.8189599273907862
0.6424540029087996
0.8438235171506552
0.7282018416641393
0.8382369669090305
0.7496165402666091
0.7166642469976553
0.8427733211253765
0.6921015081507227
0.6821886916261594
0.6094929242570386
0.6313686824272937
0.566588082542795
0.760095000851977
0.7738285270343637
0.5419494302108765
0.6636471991548855
0.8058286309412175
0.7519171454455986
0.5442952650857451
0.7800358014788109
0.8267179101492325
0.7464309231007805
0.4969947770611248
0.3826109637941565
0.8389696367760434
0.8105234897507321
1.0140739434333224
0.5835772051174881
0.7591771201841535
0.805813502073135
0.6330948984976408
0.6831829480565483
0.8132272830066275
0.7323546991275658
0.7486905099275216
0.6517165419163181
0.6639168824390547
0.8668113518957751
0.5546970174955956
0.526184824062744
0.7336794978355243
0.8411912384381773
0.7681834418084968
0.8104733173378268
0.7802872169655486
0.7508847600002654
0.857926739651854
0.6390612456515908
0.7421788340031833
0.43028087577000457
0.6147995896202817
0.9284151359730056
0.8378932113316074
0.835347409662308
0.8241656795343486
0.7260728205932996
0.695379429466966
0.7641244429513993
0.9727227434073071
0.6985846919187625
0.606192264219463
0.8954639602074155
0.7766879455689447
0.7366214127360732
0.9130342551624078
0.7119436069359347
0.8840190276923348
0.6387132145969106
0.5109270547387598
0.6675628296593573
0.9489024191332976
0.9375286730526275
0.9720583166597683
0.6335626705815823
0.44755489789861325
0.830687137725798
0.5775384285974761
0.7540926368898652
0.6541307881112469
0.7082032998335104
0.9299547372138348
0.6319880593434513
1.0309716364109653
0.9516171753338085
0.4303667446787602
0.37686067657914507
0.6965723035221028
0.6619531738236701
0.5035370283046293
0.8786461561977026
0.6517359356263107
0.7291992715476533
0.5773169485305988
0.7327786554698275
0.7335364211576185
0.5066238822340297
0.7704511641626821
0.7908627681800072
0.6542686501977204
0.6632953913768395
0.7798429257865926
0.6777604871941371
0.8458554284610988
0.49942316504453543
0.7746174156727486
0.5854769143221012
0.6812846693033849
0.7000882444398884
0.8050436583161015
0.7418428192511118
0.8541311177509469
0.8953341660554418
0.6838555506000877
0.6726631669248327
0.7174870560176594
0.9795344374348423
0.9703313428022009
0.9180252877502777
0.6455964477526317
0.39814569980494335
0.9381870498509446