4.803	3.356	1.88	0.693	0.41892216
4.843867272955657	3.4335378265259204	2.0729577805343142	0.6754902266011035	0.44745548003355023
4.961819818585721	3.337491301809809	1.7287636849389258	0.6634514992111497	0.45545394812731527
4.872991010577433	3.3880642038396895	1.8746137834384307	0.6226730489080561	0.41286296748095674
4.77879972601301	3.3530306996279795	1.8464525972742964	0.7174236086705033	0.4163389227822056
4.845724001091518	3.419362293660609	1.9000010534708893	0.6993947985568709	0.3971060845809941
4.643234553939532	3.458756350037416	1.941234013287877	0.6788133591959854	0.43013523428585254
4.601294819346608	3.3347923534540236	1.9015418188558169	0.7073603620426443	0.44399748160968877
4.6786261398926525	3.2413540255063786	1.9939199948551727	0.6891001380559506	0.39770100679697756
4.808415680858209	3.1863783471962766	1.7989063768412805	0.7316579765863369	0.43899376443342875
4.704194197377433	3.4350518456634154	1.8997992110573634	0.7005943971830834	0.41438931471632856
4.607936025072269	3.4025967178237977	1.9634852572761863	0.6843394422198618	0.4525885979421624
4.856770257836927	3.2534416503721477	1.9625219874723117	0.6865212355627537	0.4040877019944716
4.917877093161221	3.5834650101365195	1.9110259858507626	0.7177674163115488	0.38770761896099853
4.788095118392138	3.5351463156416876	1.8576190596083508	0.6610666516759388	0.38020299917444944
5.063724118600994	3.429206421706373	1.9503024480111955	0.7040986592945012	0.4207889494168998
4.690733776379697	3.30693801975149	1.8272613789537602	0.7243449920380283	0.43499271691714053
4.777436495642308	3.326901456327693	1.852113762091594	0.6574558818532207	0.4917516301032334
4.831230136716211	3.2178787209015023	1.7881293563078862	0.6866926892357436	0.41164826656907044
4.7522619358746745	3.3854400086659875	1.940686409849773	0.7032749817077539	0.40852399522758165
4.887799277060589	3.356236119668421	1.9170326021826425	0.7097143181408291	0.41275783771209934
5.03598880319638	3.120457201163658	1.7584047260660973	0.6753814085308126	0.44868904458034026
4.849489811217253	3.503399352636384	1.8186977012701613	0.6637791392952064	0.40055533736950144
4.706209729397349	3.296319678642395	1.9092318545151987	0.6911141031178548	0.41553615397132143
4.827219466434747	3.446609477802341	1.8777719973783258	0.6889453400052209	0.4397265510676408
4.897548328976917	3.292584961781848	1.9223402352103418	0.7233060396779379	0.4104674358231768
4.834675642096472	3.489611995271553	1.8368820553659935	0.7169279633164599	0.38810142999944186
4.602366813232198	3.2965474477870678	1.933451279894071	0.6348665728512716	0.4155466594364299
4.7495623930016855	3.5412723362597993	1.8357964575002812	0.6787505571560357	0.41873884747980794
4.651877173838079	3.339174000701762	1.8629902691809064	0.694437187727592	0.40895208571064057
4.623234124479701	3.5304308730250042	1.8434005145295085	0.6926325696087573	0.4048500149691618
4.9545794919053865	3.2907040246825328	1.8141444694893427	0.6973848776995688	0.4187128168833991
4.982433810624836	3.3304168399377354	1.8397550253581862	0.6900108240683775	0.4063665569106444
4.647369936492893	3.423042068782411	1.9082352109727803	0.6577881662505802	0.39470337879992884
4.794828612722679	3.313852049352784	1.862167380671595	0.641863532710052	0.41986615577020964
4.859279566272437	3.357554149612302	1.896578854835281	0.6911860993194973	0.42432379346454757
4.631427035661649	3.4108440050067927	1.9560666275692264	0.70751809373975	0.4279657839408161
4.868606978770787	3.334434760578046	1.857096597878426	0.7049763812502056	0.4282128959158078
4.743297393124494	3.3732261281286093	1.8932840439524603	0.6738781738171524	0.4469660370034127
4.784338622183883	3.465878930284086	1.8491559423606325	0.6775468786307304	0.3985414614431856
4.754198018489183	3.193444052440984	1.9478604448753916	0.6677508880707945	0.3894040774669435
4.921324139987188	3.3731339128258786	1.9682792801469309	0.6981869012284525	0.4348053791850412
4.806889983833859	3.4282255263319716	1.9176201162741255	0.7028205230859055	0.42034026151479553
4.867596395052603	3.198841488587218	1.8343458262664596	0.7246780336247838	0.3886581342222517
5.013962766474376	3.3348144298781106	1.92877068542157	0.690757581914683	0.43091198056816493
4.781435426794902	3.3414502263386514	1.8577382804918123	0.6964858092388324	0.4167363194030373
4.836000895890279	3.237422572977982	1.9138172055005478	0.7034227254437643	0.40938027052003434
4.961866539325098	3.214491580313516	1.8334694727088336	0.6962568555360015	0.3834570512635142
4.7778818255960935	3.3641979199027503	1.8562670880274714	0.6046088163947385	0.40136472243836774
5.069713027886724	3.3699526964995243	1.8256104217176161	0.6421089116962038	0.41796710389122876
4.946876503082104	3.332946470294807	1.8650573029560067	0.7288656478169545	0.4124239806985392
4.8457425669800624	3.398379074807712	1.9443930417379425	0.7253217387473783	0.4390191409739399
4.823772959384817	3.3688336589924637	1.8703647698854327	0.729035793582044	0.4042574781113841
4.791518973169418	3.531063889552446	1.8552715874610541	0.6615635835244084	0.41600989973801267
4.701892146149647	3.29059096580287	1.921019974722557	0.7389286173149625	0.3994244514565648
4.6773342788402354	3.6148470643541475	1.9159327627311509	0.6563746839859388	0.3733320546163181
4.845318446239458	3.46576693004134	1.8396466702889915	0.6805429059959405	0.42779509362828194
4.734226782353067	3.406015760131184	1.9643457619962936	0.7437984059939651	0.4512020039370872
4.960476747601719	3.5190281970315116	1.86831694549607	0.6639106995006394	0.4062080567921927
4.613284769903144	3.3029780998851797	1.8793177248486879	0.7184854848876996	0.38119283251243585
4.8873677321116595	3.3442283647636843	1.7578208658105454	0.7085133703335087	0.4242341323340175
4.902707581676768	3.3682867657260136	1.9274324543418928	0.6424995931586793	0.3944989086629254
4.830116305361618	3.3020370242165793	1.8824476010912796	0.7074568543123435	0.44848612167461926
4.702608621682409	3.3305988399438715	1.9704584945859898	0.7265614220860511	0.40879129526425123
4.76553428110781	3.3932276324604005	1.8206310434221762	0.7029133069006306	0.4311306948816088
4.893824538596292	3.418147933543518	1.8833227020658758	0.6373948926301748	0.3921194506805777
4.926482043694547	3.336974067105898	1.9383859507897925	0.6855522226813603	0.396780867403369
4.931189598063692	3.2921543100947974	1.882756332820587	0.7465345132952198	0.4141130745894048
4.958487688546772	3.147714437011262	1.9999239343947015	0.639038894842585	0.4183576435669744
4.793237786422828	3.407997193599483	1.8495889214749348	0.695464259429533	0.4133587885204778
4.890944368914946	3.5253446252044958	1.9523389833443732	0.6894188936029093	0.4434279054285312
4.896747143939805	3.4420358345109214	1.891225574100426	0.683512427506522	0.359433829197759
4.832518380474699	3.284950048372039	1.833043607105854	0.6583849709776805	0.4196134329180101
4.674553055700059	3.2563654770616304	1.9348754741765122	0.7154422120559571	0.42065705557261623
4.9235859643827045	3.4269603345437463	1.9880057844916998	0.6839126129913896	0.44301523476860644
4.857334288702202	3.326647729486011	1.8813855225585627	0.6486115816670036	0.4214299796374097
4.662632779420432	3.156327831776651	1.8831500185577321	0.6941141428432543	0.427882457151099
4.820281110366856	3.3699101959590716	1.8877017338631674	0.6791848724228908	0.4021475638037624
4.8518956306574434	3.3786251458450085	1.8709776516355445	0.698772280515244	0.4484966946165548
4.697150182412767	3.551367632955435	1.8669289357926928	0.6876229459308301	0.3756307452421376
4.748293031824746	3.301389748804635	1.8445740792236627	0.6408049094987414	0.41353506348856683
4.839651496857913	3.3290521076084567	1.7922816150038006	0.7243202885090155	0.40422975439857695
4.837470045781609	3.290699394653573	1.8837547169905728	0.6957840501781937	0.4290381249140558
4.68471512347627	3.3707611553334678	1.9443618796292677	0.695917630338764	0.4027201970767058
4.95679808428713	3.3008173014820326	1.8184605818485904	0.7028874591054879	0.4421687668576358
4.789254624366429	3.2616342632852584	2.0154706379350302	0.7322692784253155	0.44002792258335877
4.931356132803817	3.4600233809566046	2.001191206747678	0.7036877246772794	0.4069411277204622
5.131236128005316	3.402550675336819	1.7953473280519348	0.6696395004303046	0.4222696761436261
4.898898947236436	3.5070032620800866	1.8879021010933754	0.6650396127774848	0.42833884830436597
4.905235644299029	3.2413215315404322	1.8172397670299272	0.6278111267774011	0.39732954708773877
4.857588022189321	3.3814931352615174	1.806593161099864	0.6720790810320298	0.45247467560681337
4.778532976251641	3.344802237519394	1.9417140217946989	0.7350358185930397	0.41385606699162625
5.047680721071309	3.428584117757445	1.9204678274565061	0.6898798462329369	0.39515915921772893
4.648163703279547	3.392283199224009	1.8900314960005469	0.7100392125955215	0.40414261654234745
4.836687674978848	3.3895654129004873	1.8911096423451175	0.7044433752914238	0.4346631331464076
4.8596350682634375	3.3474411067746868	1.853215837333264	0.6758381874371471	0.4047555550500822
4.880854289516282	3.254354693715774	1.8368500387709847	0.7437840711634309	0.40713430780799015
4.750851555359482	3.382475788829231	1.9241749206714525	0.7094049396203032	0.4063255055135627
4.795054676812757	3.4892598557446517	1.9445689493611953	0.6783027300776555	0.4402367904914878
4.877705702553844	3.313871526082852	1.8428139530593002	0.716179293417657	0.40871162469634365
4.908968875628045	3.3583404704697903	1.729313074293812	0.7028340895129828	0.41299470886543727
5.12205658259716	3.3706024215503887	1.9614936251504604	0.7069759999709792	0.4375557984815002
4.881799915538558	3.3192637158591722	1.8294257170268025	0.7338891303261116	0.4050409208439293
4.940101479721888	3.29738344835886	1.986254073375748	0.6622901880406077	0.44705324545257596
4.8083810421304385	3.4050384478210414	1.8750190597810756	0.7011665965998928	0.4286844263343959
4.783387747331284	3.4841697554336513	1.9125413895224235	0.7063839063104825	0.43215542112573263
4.847945260851181	3.359995771090454	1.8270368985378869	0.7366914009003667	0.4040442677969004
4.630845241667827	3.484857274400728	1.8565002939076438	0.6823423676308891	0.42105728630478184
4.78974599914714	3.3485737861211766	1.9056773258859807	0.7038939478289068	0.3865425613748289
4.838726789202387	3.309403461325042	1.9382285281812903	0.6965576803701761	0.40280599115947396
4.732024953466029	3.3096362827739396	1.915282691785536	0.6532973414610967	0.44201269786243114
4.790583003645408	3.237075309920046	1.9071388801155515	0.6714194973372857	0.4221877463276236
4.925630855202993	3.3377525597572073	1.8808787439711199	0.6597656020401188	0.4067777833575596
4.718572735551401	3.5791487144049685	1.7967086759474187	0.7364026522370305	0.42674558290104236
4.778215656864442	3.186538421464086	1.8161387570753253	0.6651279730406621	0.4317995769486657
4.8593818837514435	3.3459157813259663	1.9742408009642798	0.6460419224426854	0.3962689720042072
4.854427441392314	3.3488209083312994	1.9409564695918038	0.6938441656961771	0.41539307492417477
4.561929790989997	3.251712227621348	1.8992791362890498	0.6736868871673525	0.41191453678548634
4.780421308347843	3.350394989490124	1.8624902643742647	0.7159204938347378	0.40578228802856964
4.699106927159516	3.3407752929459362	1.7957738408647619	0.6676273182322502	0.45164730522072083
4.729513833555815	3.408923060123572	1.7936446937762323	0.6704854324335066	0.44107281499099216
4.907513318439456	3.5324892328880404	1.8240455523215697	0.6704433898389903	0.4437052590240352
4.6452507752457946	3.3165464904376125	1.9771614755970743	0.71197268781235	0.45165334861114165
4.750011468147507	3.5233753447795757	2.051644181615811	0.6694140520367741	0.4022455479386283
4.701999462168058	3.289607101312209	1.908647189637718	0.6911467239447827	0.45604555360969457
4.761879406564947	3.3494685604097407	1.770934138947425	0.7470772506070354	0.42487948531753567