-59.7	-66.5425	-46.83236572765101	-29.966509967135977	-20.9
-56.747458343252234	-56.79324913566133	-40.950075252725235	-26.684684092420788	-27.266589652058627
-60.0811600660852	-66.944434414327	-47.93623998710874	-28.169490134084228	-26.927664160990652
-59.76227398091348	-73.02005683246428	-46.81630480503268	-27.706161056852075	-24.84805102682157
-58.70297436592026	-57.55324313160895	-49.3646309004912	-29.760797526795088	-14.030821301636514
-60.548064679103824	-67.24338495588312	-50.47728358784714	-34.768426760701864	-16.89492528466124
-61.55651218971857	-73.08332297171454	-44.931134871875734	-27.315564961538037	-30.03383462413401
-58.70395969622252	-71.02253386673688	-43.39368234229416	-32.98014843948117	-19.358320354375607
-64.55306352023581	-76.90616126886351	-53.29752226186739	-32.403740677610536	-21.720803457214156
-57.378058567184034	-70.64049116854174	-47.46722967416313	-29.778364429635413	-24.770334934989773
-61.21107170025434	-69.33473132634104	-50.46226242446874	-26.6394838288288	-22.672177447725563
-57.74776441112186	-61.91987624219562	-46.96982293197617	-30.69287855387584	-18.823769533046477
-59.70018090758723	-62.40191859341233	-53.03112107841897	-28.913311137790856	-18.395415195730816
-65.58662250080774	-67.04064781361394	-55.00769217594631	-30.039330523497732	-12.934996891151915
-58.52386113078312	-67.59255528846337	-49.05720766316736	-32.29755704186923	-30.006392031176816
-57.38094965849204	-60.885381332217456	-44.006869632866014	-32.02386751816549	-32.299371353885874
-63.01063217655296	-62.87728603394852	-44.76867242559564	-28.38376676903272	-19.513157853466804
-56.92624595670463	-65.49674004622298	-43.3030944756911	-27.08534876689521	-23.94547759959173
-58.90860601476108	-64.08414232243331	-44.4636383016	-32.69893992433701	-28.689496799860418
-61.600582510961615	-64.38137971129142	-48.97771986821182	-30.18083847821069	-17.440570201249777
-62.562989286087266	-64.14359126797396	-51.87437583795353	-27.149428671868126	-20.064644649207988
-60.87156125300304	-57.567279086027625	-49.47465035711287	-30.086196464381604	-23.275424831814107
-59.43268677394199	-70.63286364112932	-40.59887701874602	-38.49248268004859	-21.9835949469735
-60.00375662644906	-60.83291734236958	-39.41651546940884	-29.05520074732592	-24.196793005526345
-62.915821311962475	-63.63318654728645	-48.49123090642713	-25.700190362917414	-19.40472982106714
-63.00878183164478	-67.60164342422853	-50.75515753273092	-28.059458604884902	-28.007890462368927
-61.485326897925695	-64.13846311280332	-51.0849542885782	-31.907690238119	-9.208834232278358
-60.94796887081842	-60.38766169164256	-48.14399212697461	-35.154930062406436	-20.040143068123022
-57.33150428631584	-61.71967733536097	-50.08148569736078	-27.56700418759235	-27.909674936882556
-61.636178084877145	-71.19000556313176	-50.27131988305467	-30.799289082443053	-20.04336450831547
-54.46649362106358	-61.471540020100576	-45.06716757964528	-31.498025060654644	-21.73856802383445
-64.47154698156172	-57.50790662527013	-42.38150807429296	-29.881359880413285	-24.13972836525698
-57.96912621870129	-64.5233428247222	-49.45410716527124	-27.316634623994354	-29.52944186717238
-51.3504073827722	-59.530129843391485	-53.72734506069261	-31.86655085134961	-24.36231465268123
-62.96925183061042	-67.60212256874772	-52.90562547771902	-32.57211408023929	-18.22460948981592
-59.26709629557893	-74.05421041667864	-42.26652404317604	-34.47914784853065	-24.50699141914234
-57.880495405036456	-78.0288708383793	-45.84730335210383	-27.996604884329557	-29.568034195734697
-57.32307444616828	-73.32412069504846	-51.61355039665173	-30.81648773832141	-11.182602339667103
-62.02711682321149	-70.16144575653512	-51.34606552616126	-34.7983315969632	-23.584179050126053
-63.364387317788	-63.37274980695592	-43.48872461368527	-32.21841143612538	-15.501243907755544
-56.75154131506248	-63.70164478428211	-52.34755547080584	-29.69166962305168	-20.79624606023791
-61.322940365467616	-65.29117281609666	-44.38648111495954	-29.65276017201361	-18.44633158906686
-55.515299258845445	-64.3123697659893	-37.90095988486078	-32.199391933886155	-30.94284375434114
-58.69948569877239	-66.92209611152724	-37.83850826419384	-34.020455875432454	-24.3140925138988
-59.5679521142377	-66.69862386060504	-46.807132203824615	-27.613516856872227	-19.59137866137323
-58.16840836271544	-76.69160743707437	-50.5901058865534	-27.859180041052447	-15.722945617160201
-56.59170245263806	-63.324830948392616	-47.26179840947246	-30.558146969751277	-26.505901489052167
-50.04485810312278	-66.16329504555378	-44.49761379861107	-31.71853510510323	-23.74385071766789
-61.16462912691825	-70.24846743488955	-49.60298215995733	-31.489799893872217	-22.454928263220722
-65.11423026951998	-65.75880899303526	-43.52285601153606	-27.243849036822937	-20.44301833067153
-54.84378953770579	-65.46456204217635	-49.51701586899379	-29.54856611952003	-17.93158786568755
-62.126810265920504	-68.97294807536312	-40.18097530440668	-32.17802755307033	-13.840169397005852
-56.43045317757236	-66.35476138865502	-44.369791836404076	-29.157111413456825	-15.338957087822953
-59.95047998554279	-61.81151861248977	-50.42711114426219	-31.905780256723876	-26.522578634969314
-61.314498244041474	-69.14074333369047	-47.41088426000209	-29.396032104017273	-23.90907679410075
-61.44994396578317	-75.78632766606376	-40.48389406297373	-27.34031662002338	-15.11134697440183
-58.91751261364612	-56.77008845695676	-45.62781830152921	-30.918361847368764	-13.792879561320138
-68.8833872863498	-58.04279952844276	-45.66723053617991	-29.512308995616074	-25.165374820259615
-55.50514038147794	-55.30603340270656	-45.56211129872623	-30.141018519735173	-24.857499784503283
-59.95568998881347	-69.32573841817494	-43.73265804290868	-29.548423165646067	-7.358729288876949
-60.09535421546253	-69.22789319017396	-47.23257559683957	-30.240568982734338	-21.223041674769657
-61.969000344542174	-62.509892171577256	-47.66515119370267	-32.15136999102498	-25.042033325201842
-65.48913598189368	-63.902793632235415	-39.63139018599816	-31.15204033732953	-18.439019962243904
-68.53216736117935	-66.98231441120164	-46.80668891753395	-30.826111071683414	-14.081259685703916
-64.19493748476017	-60.287192954000815	-43.46599317179853	-33.68113931152357	-23.368912088063464
-60.375340085003764	-57.57275072884212	-45.389396671468575	-28.13787488642841	-14.644398662217974
-58.71333518458914	-69.03382867564109	-50.26956043069983	-26.801108876462273	-21.20820136315345
-59.77999473449637	-66.69245510916392	-50.70877922298672	-29.56304641007623	-16.600807871855494
-60.53794425538558	-65.33123486006099	-52.99941283263655	-26.599181721784635	-23.331726173968185
-59.21947618538472	-58.70403394582312	-49.000992741632196	-30.22701405378682	-24.973875346513307
-57.385307647233894	-78.72703132911171	-43.69360178744395	-32.085991500172646	-13.33298937208197
-67.10050964506767	-72.91523656484314	-48.19331146726096	-31.53270210902395	-21.531069817920134
-57.905628704702174	-68.9679193689899	-44.844139896381094	-28.84522050222102	-25.662188830705126
-52.87772157000211	-69.25500108927258	-46.88254888443914	-28.930336571736557	-13.624297176409229
-57.18245239452792	-75.2284155441949	-42.82569341044816	-33.939326890444235	-19.286998327949522
-64.70455117377192	-65.23029367242519	-44.97851833991093	-29.63139773219224	-22.759501529982977
-56.00314025424857	-65.80475982151063	-45.70647042142493	-35.47792181209115	-18.959102048924027
-57.909726582471194	-50.46985760509926	-49.245516829194216	-29.749068381648446	-27.107867573696932
-60.83796824293004	-65.26501694402856	-43.9387459233548	-26.721225175210805	-21.824061705793323
-57.16624893828801	-69.51635284793934	-47.06017999945364	-26.748229136652014	-27.55916958645433
-60.85598872760852	-64.88998196715055	-40.55613979247767	-30.921767603738015	-21.536847125947354
-58.88300343751544	-70.2013176321458	-44.81440065701689	-28.545873358899655	-25.96353345025719
-59.832056798511374	-68.45909603201378	-36.97966879082416	-30.29668559313341	-20.69634383652234
-59.36288624165812	-65.98754241708124	-49.68786312806754	-27.170606999401873	-31.37530765702117
-60.0443787990088	-64.13567534602497	-50.09243772252424	-26.24045768939295	-26.78920845565005
-64.51345548217851	-70.56566867054941	-49.3660339448497	-27.419859703590532	-19.023754193212163
-55.51149139424738	-66.79641102044454	-46.428786190242164	-28.90948280942664	-12.987489619388718
-60.643073116937195	-62.26703958009627	-46.03935204251789	-29.318873040814072	-20.66681969893237
-66.88674380246712	-65.74727550250483	-43.70076750073592	-25.850294200311062	-14.502425549596657
-56.011146212626734	-61.57352813933143	-45.64759935993823	-30.999694201422763	-25.173447069595785
-61.18082104386294	-70.85103913607026	-47.948900536476245	-33.60557294007815	-31.355837369519154
-63.140047200751546	-75.77036892723298	-42.783715520899165	-27.298069092295226	-12.636571368520041
-56.81300341192221	-67.93895686425346	-50.53242295126444	-31.275081371359455	-22.771709780960652
-55.21796324367896	-77.26481507206596	-45.721537345840716	-27.114173192507653	-20.21574160845202
-58.5773676395301	-72.19020598890287	-47.00385080115756	-28.179010612806653	-29.69586335810981
-55.245270286298506	-67.74327959351581	-45.99802308137384	-29.210595512729654	-15.203284750045341
-57.52699080403554	-67.2805823789955	-49.17981827823577	-30.890070338791134	-18.13867432085782
-64.21126743229505	-70.04344173112312	-47.69786701847404	-27.602152037237083	-19.9993248105017
-61.95693319107886	-58.33272459447365	-49.27183833184142	-26.384526830572305	-13.776858803806679
-60.10047679199079	-68.15972326098526	-39.82475534388407	-25.34902227203141	-27.592012666692067
-59.26242614266001	-64.12528483372901	-53.29880068897165	-27.32767018195289	-21.11631457503368
-67.93898008219838	-73.34945972545714	-50.998105201189475	-32.434276187674826	-6.846729472503414
-64.70684255590571	-74.98700934153634	-46.321219541246066	-32.82788182343338	-21.09449355672415
-60.18517458107964	-66.33648208677299	-46.021344894061485	-29.03770001549976	-16.687688533746687
-60.8411348531777	-65.87170544997419	-48.3406667260427	-28.990500774041006	-21.659652880499863
-55.162616047969856	-70.7165868802813	-48.78677781351149	-30.673379946549264	-26.483599142869185
-57.30626383053593	-64.54073021517972	-39.06065055647723	-28.689188537880455	-19.86522946018083
-59.47536361593567	-72.23778604491605	-48.727871816204846	-33.21298314669755	-19.54238063142092
-59.261874573626464	-68.28264060053975	-47.666844033134964	-34.10926660322556	-30.620249074128395
-56.468846318247245	-72.72015701716805	-49.03092168220641	-29.29524430055521	-16.30440127278092
-62.05341505189386	-68.5001162807127	-49.57009443202744	-30.074441950443514	-15.239377858363927
-59.86196428948754	-61.280368199566226	-50.436619147372525	-25.323531184408857	-21.38870311450721
-60.17402691640056	-60.91418702521778	-60.49262824867454	-31.08308223120528	-22.30480408024813
-59.71430525880617	-62.90479412845473	-44.324601243096645	-30.301282126619128	-20.34280935031967
-60.0658472412901	-71.49244124882455	-54.15748224869064	-33.347985292615576	-17.79459804514082
-60.81136714502693	-57.4665621477408	-50.63722180691963	-27.746779884495812	-26.158279154279754
-58.24834358038702	-66.63361314627232	-50.007427084321876	-33.29268541307226	-28.05959401724246
-58.00007850733718	-59.51049450782763	-49.05089113537274	-31.777874411343394	-18.901177405385564
-57.972257642130096	-63.46520187159459	-54.34713782223997	-32.29162121376541	-19.1283548196836
-62.57253163906608	-62.93133853581444	-47.40161046749253	-29.81916628107316	-17.45267076333168
-63.38750215734039	-62.93468348690459	-52.04162597992465	-27.072176356294708	-15.272956082078931
-59.1018530782404	-66.53354107765175	-42.248072833250646	-29.80003959479354	-19.546070364327004
-62.73524718511268	-66.44003459958108	-53.682919647343866	-32.07438034888683	-22.050328892521932
-61.82917170097035	-62.061478760134165	-50.41134502367981	-30.643753020397455	-24.13822458690443
-57.97466709419087	-69.77787597993097	-51.915293605517476	-31.25099617288767	-18.803876898936746
-61.13595982113936	-66.49811010948574	-41.295064140667556	-29.046743246734845	-27.066148612441737