-6.935924752305141
-2.146132869692274
-2.6261745627513577
-6.498375738934993
-0.8583569229251995
-3.1520144801332286
-6.449817428708775
-9.355114400103846
-6.35337492177812
-7.391279726929821
-9.237975520008973
-1.7765779895353193
-9.235220814596946
-2.403855646214566
-1.2309270397403356
-3.5399912779759344
-8.209936640518553
-4.7638103465847825
-11.054814953910412
-7.558060985655654
-3.811496686194426
-9.051302111353959
-3.262425389484012
-2.9501871715582833
-8.760617234291525
-7.8413732541416765
-7.317425030472306
-1.2429351758127958
-7.268962163329376
-1.613279854647477
-4.88144901637099
-6.911808765856193
-2.2769353103042302
-1.815467967674626
-2.9884289817126413
-0.8783850975352211
-9.21911346679875
-6.092789940343955
-3.4789477180069284
-4.752404277328491
-4.394056687978217
-3.0617572519103806
-8.12724274857719
-5.425765429424203
-2.915830413424167
-2.430822261743404
-6.655418678432645
-4.866277014223953
-4.03515710789253
-4.3617102499331315
-7.3297717049937
-9.47947657467208
-5.655223821406182
-3.346191033376549
-0.5917828309254863
-5.322126906211611
-5.209736176952645
-4.393958735859704
-8.09491470151498
-1.3214778003286087
-5.274962089388355
-1.358371329106047
-6.375306267111273
-1.2314610253589604
-8.885267835220567
-4.137542898148101
-8.687265395016492
-6.733009870380317
-10.563421689979991
-1.3786378559999817
-2.6942004820076053
-0.7770189585044611
-0.21219627383366058
-1.1028107602106068
-0.9580826177218972
-1.0597272810272118
-0.6279883119112581
-8.357195420971196
-1.8281350450470315
-5.593577428344297
-4.3817770097880375
-4.2766211338622915
-7.440234252416199
-2.439547240314396
-5.151495140722543
-5.34791780415047
-9.074624943501401
-4.109906917222898
-6.653634404894596
-4.9760545368336295
-8.934705600214155
-10.484194230253905
-7.907994399243193
-6.650954647348528
-2.991509108245079
-10.086733849295642
-6.314640853628916
-5.540977472205512
-3.7145972052150427
-2.172847974941299
-7.737595749601548
-2.7219647326713003
-1.2230533803534747
-6.590615687933193
-3.664336071265408
-5.071112118105815
-2.9357960881189546
-6.615745273680285
-4.914545499681326
-7.680470944157056
-0.5794784406954671
-5.484284383027315
-5.333865041965309
-0.754101578746995
-4.169903353060751
-3.8326850612489123
-0.17623838043753912
-9.353116023568857
-3.9320820387578195
-7.395803463011732
-2.9757717899176694
-0.522465539987868
-4.301044800898336
-1.1052295994728554
-10.35230604803802
-6.747860811051538