22.85204681548957
3.698910703763439
4.345042908662022
4.711142717822093
6.413852606031119
4.909392442159078
5.151817268341135
6.243208876909403
4.606306727790484
7.1764323536423955
6.461237458755661
3.457456508759235
6.643694539966446
5.212067070054345
6.741503907970209
7.180593060373992
5.49519263857701
3.645735552318483
6.843660252588386
5.807018827927904
3.6835427296501573
6.8279934297391325
7.064325224025827
6.253986603267713
7.0715673690981795
7.316642163396009
7.372768587128691
3.033851899654376
7.414359872929162
5.764950872185756
5.677684567860368
6.28323494712958
4.6403701006493785
4.487491746308987
3.319680401188424
5.113781855285981
5.701771047776707
5.626755775082856
4.295199849188292
5.414667049049923
7.255040029104445
4.9854858438057414
6.864972109749554
5.081337398450987
3.202270027009351
6.011089952963475
4.334323812185795
6.684886601749094
3.559237172141432
3.406177187040772
4.7302060305981435
7.083974862438709
7.241633932325119
7.080981191941392
4.779175168798958
3.5596769520463196
5.813603670521518
5.269215476343082
5.669675086768163
6.403337035708153
7.459086924146323
4.437534626192684
5.083845215827565
5.420064952506461
6.407828077820443
3.195310968881643
5.730771477125517
4.713868820152852
6.6201400851237855
3.8550748024539416
4.492602184769287
4.581459101370699
4.242267227710422
7.263326489064921
4.55974475558097
3.0732989443882706
6.133726959523465
6.016821663713941
3.1450016397253826
5.069630944574345
3.6063256794407215
3.795055182528333
5.245850806911676
2.9252750019527602
5.373582251846687
4.523824293979456
7.20087846287274
2.912517627455383
4.862724392325452
3.4023850436027
6.4210714484601406
6.704044991651426
5.846142834569604
5.408855159342716
4.957378550698401
7.476082510098429
6.138063219129641
3.757150306143335
3.929067374671908
6.240195195594267
5.655532543310306
3.745427110478862
4.676397887018449
6.599389953389775
6.3247008502286155
5.454019869195925
2.942446624903611
4.876544155759751
3.595379292152625
7.275148451511451
4.180022736025776
3.813191082733107
4.271322447167942
3.8881654615931054
3.0807364571815654
3.7693813054877214
4.358865613717273
7.414046119388273
4.273512669757546
5.012815912504773
5.027866550680676
4.129450233004376
7.365449879474102
3.997793581315203
6.859721161548457
7.2701910339171265