0.7139098641175086
1.115074680979957
0.7800784399920371
0.9260113621863145
0.8522495765146256
1.0164284962198342
1.026185488035459
0.9653970745218933
0.686453666397757
0.7649045399552886
0.9698855227319397
0.9280430633921465
0.8029806308195485
0.654151326399389
0.6600324558535192
0.8006769743025022
0.9507996979006008
0.8517517811354768
0.8794747710094217
0.9116876965889666
0.6943939845007612
0.6574079625238137
0.8479981562781855
0.6506510898493632
0.6615738628615764
1.0066593388827216
1.0856384837070185
0.6647430857208358
1.0188763024477807
1.0337641033182159
0.6469164638779461
0.9457484064039768
0.782756050045542
0.8257914405082186
0.6538498929413037
0.761221106408874
0.9969468816165654
0.6640977873589244
1.0301310168914155
0.7325991450611508
1.0081983845286513
0.9843256643623451
0.9353505961691114
0.8442385219486375
0.8264843477010386
0.6643768840767799
0.6812310180587688
1.0229268915509762
0.8832435769863948
1.014421964579282
1.031292208270388
1.0364221962133693
0.6998263914175678
0.9867831651171445
1.0911055241572347
0.8971120172451141
0.6926547344186803
1.0765016165705674
1.0588082634821412
1.044288270447853
1.1006606433847164
0.9149355933576646
0.7559813209954815
0.9678031818489405
0.9119150689149529
0.8201745982559492
0.7916342129668517
1.0468860618016167
0.8803501345348443
0.9120674097936922
0.825853779043361
0.9097899069402672
0.9070594484540108
0.9386939528584914
0.9653181398023505
1.0371801533082745
0.9822395470982691
0.8946047186858354
1.0083956901764672
0.7445872915659602
1.0375799579260332
0.8088787341594025
0.8972239736939223
0.7832563681827913
0.6893064447994195
0.8932996359028219
0.7999781226235755
1.0360369596878982
0.7000023989718398
1.1248803578501123
1.0524223603816025
0.9244484353684019
0.7744103522322822
0.7767134883812425
1.1276013033710677
0.7738972894314954
1.1418123183419626
0.9793327912246165
1.0621867648005026
0.6458040114787482
0.9089777445099648
0.9636173394966822
0.7686518481651279
0.6438639598759703
0.9046052055879167
0.9353723960813007
1.0479581969460703
0.7591688341891896
1.106287342647062
0.8799095418573533
0.7951643550391846
1.0032636386353393
0.7432440956002131
0.8962058412932844
0.6691817455899263
0.8884244152261601
0.8113206659602795
0.6822414524259596
1.107509604491646
1.0988412365597824
1.0508294902375803
0.7664542979013663
1.1049762224153548
0.703644150881584
0.6879810188571048
1.0626984374338704