2.4709340344855195
3.4583223851228637
2.1239423005645697
3.158246238289771
2.6491423364129063
2.7015338264459436
2.9140489878625155
2.64391391805256
1.9860951127706459
2.1255612162225144
3.16881074374905
2.3720506222537505
2.6222426372901357
2.2466821092351132
2.161385284938548
2.5213014104608193
2.5570175183831316
2.437491366988123
2.943519186249529
2.2756443831924154
2.006472134922337
1.9797945347752035
2.2856054010511286
1.9478646094320076
2.1403364910020084
2.478859566053364
2.6748971569810673
2.1511110810559804
2.3670391678892275
3.1863445105352706
2.25865355061746
2.881465944776495
2.187861503712448
2.8773658182613553
1.7314696232407405
2.2362060650260838
2.746149149740637
1.7860376385586803
2.4790208709720294
2.2422269725257564
3.1321299947769092
2.650163314333753
2.5126604190863824
2.805934547202316
2.7382751580735056
1.5588311824072598
1.751992728219164
3.4432005980340086
2.111711504570658
2.7148463621183083
3.12546002151779
2.577493616350509
1.6584650465137603
2.694294497386993
3.0320327359083246
2.0972837063474987
2.1680453634936514
3.370661236528433
3.481722140906077
3.2465308456730235
2.581117977760828
2.989986896195169
1.8372698039739037
2.97695289965561
2.556765006100937
2.5318212388463444
2.6687611836430905
2.653398787990575
2.3882928771533956
2.703826195407691
2.4015979172471864
3.1657145660002843
2.2139535935176062
3.1864510861792397
2.293119223450368
3.4913245446741006
2.2988396454027025
2.261199608406917
3.543055544756922
2.0510713877133004
2.6829796515407
2.7211089089448057
2.09272008087093
2.358169824176473
1.8719135802829416
2.8417347925571663
2.4707557045178494
2.713056201200931
2.269737357968285
3.493125768867097
3.586396995775153
3.025089790982119
1.838970982831499
2.365731141535951
3.764257745360167
1.952594572389762
3.710166368877761
2.557008461993108
2.4357655595381127
1.9956523770781727
2.149183772573403
3.124673865001829
2.2776161685710115
2.0950951485166183
2.7183897800601637
2.4516887961895883
3.597880155153484
2.5309476559599733
3.176967526210055
2.380198122608282
2.0533267222668403
2.8841305715834515
2.334890298109786
2.0959128376895233
2.0445703095280314
2.2518552016162885
2.742015111802237
1.8448219115604108
3.4887264814161307
2.9736233304737025
3.36333793155602
1.8885666574542237
3.3168477334457847
2.0218771336165187
1.7680128884033284
2.9604115326909093